7211
7390
7141
7177
7244
6991
7470
7053
7819
6726
8189
7897
7482
8206
8153
7190
8117
7057
7186
7116
7214
7282
6990
8220
7138
8225
6720
7151
6603
8202
7288
7080
6678
7235
8245
6837
6747
8151
7043
8448
7578
8097
8209
7558
8223
7522
8137
7880
7724
7147
7755
7015
6735
7623
7072
6767
6642
8102
7624
7284
8023
8250
7243
7314
7169
6827
7813
7081
8204
7418
7695
6968
8008
6792
6630
7215
7753
7297
6917
7655
6988
8004
7322
6966
7204
7172
7308
7881
7910
7095
6821
7435
6727
7082
7174
7864
6732
7176
6760
7471
7255
6794
7212
6709
7951
7427
7062
8116
7371
7500
7173
7139
6823
7040
6793
6864
6676
6962
8286
8181
7417
7408
7472
6845
6997
7256
7210
6730
8127
6874
8201
7262
6882
8326
7871
6953
7775
7852
8222
6762
6872
6838
7037
6898
7706
7439
8139
6960
6847
7189
6901
7404
7574
6877
7236
7373
6952
6902
7377
7886
7264
7168
7445
7443
7501
7266
7005
7083
7272
7705
7474
6961
7874
8000
7013
7725
7601
8248
7837
7820
8274
7545
6978
6954
7696
7483
7234
7473
8180
7402
7498
7466
7946
7840
8159
6963
7381
7433
7321
7374
6964
8249
7862
7885
7887
8309
6977
6985
7331
7793
7534
7056
7044
6984
7572
7203
7548
7611
7334
7370
8313
7442
7229
7834
7426
7947
8166
7523
7085
7311
7007
7184
7621
7451
7412
7816
7315
8158
7854
8238
8243
6955
7263
7507
7117
7503
7955
7265
7502
8337
7506
7554
7084
7952
7825
7434
7703
8138
7708
8110
7096
8003
8278
8006
7603
6979
7733
7097
7254
6999
7071
8283
7368
7401
7853
8314
8140
7008
7549
7016
7546
8272
7525
7039
7206
8212
7413
7631
7499
7032
7089
7606
7573
8273
7544
7875
7633
8135
8190
7031
7533
7634
7884
7382
8142
7452
8128
8276
7148
7149
7298
7552
8320
7063
8082
7901
8177
7794
7087
7088
8339
7209
7296
7954
8282
7423
7872
7476
7904
8244
7140
7073
7167
7440
7058
7369
7267
8351
7292
7999
7882
7335
7052
7639
7996
7504
7656
8203
8247
7422
6989
7776
8084
7638
7704
7602
7795
7425
8231
7421
7283
7860
7289
7375
8175
8165
7465
6965
7022
8096
7798
7789
7635
7839
7736
8303
7512
7735
7484
7750
8246
7146
7179
8106
7287
8208
7019
7888
8191
7609
7791
7017
7441
7165
7921
7505
7751
7689
7818
7475
7890
8239
8213
7688
8101
7868
7883
7690
7823
7833
7659
7902
8167
7660
8256
7824
7662
8108
7707
8452
7692
8162
7648
8237
7723
7622
8091
