81903
81939
83358
81353
87804
81222
88621
88241
85412
85063
88402
89786
88425
89653
86820
91460
90077
87277
91364
87679
90113
88075
91241
93341
92193
90428
88760
95939
98532
81323
103537
100300
91187
97994
91855
92970
92403
106573
91335
106800
104563
86946
95116
106982
94276
109505
104235
98902
92848
107628
110166
108701
102496
107642
97600
106808
108286
93867
112332
113111
82311
112799
114935
112715
112633
84385
98831
87135
92881
98425
112792
89731
116051
109725
109577
93204
116147
112824
121518
116210
96832
89627
89044
104232
116244
113054
116817
105176
98975
109521
120403
99518
97857
98535
97456
120902
119317
118162
121458
118057
117847
125250
93948
118513
121001
101598
85876
116034
115800
125454
126395
122508
96659
125508
121085
87166
127128
127417
125554
126293
85715
122277
126389
93330
127236
82124
91726
106246
96213
121000
104590
124926
93771
129886
120514
99838
107867
121042
129839
130861
131622
110689
130211
121050
95378
130881
131220
81992
132097
112391
99920
96420
131657
131798
103029
96149
133007
84258
122916
132224
129965
125506
132641
132083
99604
131810
130896
88181
118615
83253
83044
117256
82066
87195
85397
94028
81876
83835
85369
85400
90683
127008
83423
81725
81865
91466
86486
84136
83832
115571
86212
125220
86880
92927
91025
87601
92896
93020
106071
122091
86444
119527
109233
118546
122433
93686
110727
104068
107055
88283
93309
94357
122801
98345
125535
111818
105860
109735
109642
93723
86061
86350
87122
88209
104084
89567
120217
107694
130106
131747
107394
98897
104153
131224
113070
84761
82709
85005
121587
120684
86517
131561
109757
108972
100050
118807
