2749
2751
2963
3141
3144
3184
3230
3296
3308
3316
3346
3374
3414
3428
3429
3432
3465
3467
3493
3508
3540
3575
3596
3635
3643
3645
3647
3668
3708
3742
3757
3794
3798
3846
3883
3895
3902
3906
3907
3911
3956
3962
3998
4001
4005
4070
4102
4114
4150
4160
4202
4215
4242
4270
4279
4281
4293
4371
4438
4469
4481
4500
4516
4577
4611
4623
4624
4634
4678
4710
4776
4814
4855
4902
4937
4944
4946
4949
4980
4997
5015
5016
5018
5020
5024
5027
5060
5077
5119
5120
5153
5184
5193
5222
5226
5233
5260
5266
5276
5323
5336
5345
5346
5409
5410
5412
5423
5434
5436
5469
5494
5496
5512
5516
5537
5539
5545
5546
5571
5596
5624
5641
5642
5681
5682
5712
5719
5720
5748
5755
5794
5883
5884
5910
5912
5925
5948
6000
6022
6024
6025
6027
6070
6127
6150
6155
6173
6184
6186
6188
6191
6239
6242
6251
6252
6254
6259
6282
6311
6324
6358
6370
6388
6433
6454
6497
6506
6545
6564
6582
6603
6617
6629
6630
6643
6645
6666
6671
6672
6673
6676
6680
6723
6726
6728
6730
6731
6733
6747
6759
6767
6784
6827
6872
6881
6917
6987
7037
7265
7283
7284
7335
7368
7369
7375
7404
7413
7426
7434
7435
7439
7443
7465
7483
7484
7499
7503
7546
7549
7574
7623
7624
7695
7910
7947
7951
7996
8003
8101
8108
8138
8159
8166
8167
8190
8209
8220
8223
8231
8247
8250
8256
8272
8283
8309
8351
