1 -3.209133391 0.0978577 16.6666666666667
1 -3.039957191 0.0648732 16.1666666666667
1 -1.65870114 0.0594846 19.8333333333333
1 -1.711712222 0.0781972 11.3333333333333
1 -2.156739951 0.0568608 19.25
1 -5.819430051 0.0318943 18.3333333333333
1 -5.067170484 0.0449595 19.5833333333333
1 -3.992168677 0.0650562 15.6666666666667
1 -1.264066488 0.0598389 15.25
1 -2.386638676 0.0829769 21.25
1 -3.181870776 0.0806912 15.1666666666667
1 -2.576125997 0.0865274 15.0833333333333
1 -2.565785014 0.0447214 14.1666666666667
1 -3.041958658 0.0577547 11.8333333333333
1 -6.770968237 0.0718674 17.5833333333333
1 -3.413766812 0.0606885 18.8333333333333
1 -3.812052901 0.0523624 16.25
1 -1.292174055 0.0530956 19.4166666666667
1 -2.840877172 0.0372693 16.9166666666667
1 -2.247094037 0.0812963 14.5
1 -8.124911693 0.100269 19.5
1 -1.385410962 0.0733373 14.5
1 -2.200811997 0.087513 13.8333333333333
1 -4.880269886 0.0636841 14.4166666666667
1 -5.022876653 0.0663239 16.5
1 -3.481534006 0.0821123 14.0833333333333
1 -2.995496945 0.0361391 18.0833333333333
1 -8.611584676 0.060843 16.1666666666667
1 -3.481534006 0.0648986 14.0833333333333
1 -3.263847621 0.163948 17.9166666666667
1 -5.41047558 0.0754418 18.75
1 -2.576125997 0.0456769 13.3333333333333
1 -3.216865277 0.0982476 20
1 -3.874997789 0.147103 17.4166666666667
1 -8.611584533 0.0529465 17
1 -1.713477879 0.0908061 15.5833333333333
1 -4.789463347 0.123285 13
1 -4.771361995 0.0510295 17.4166666666667
1 -3.0789517 0.0781316 18
1 -3.080709909 0.0648609 18.4166666666667
1 -2.128335143 0.0826725 18.0833333333333
1 -1.32616311 0.0775001 14.5833333333333
1 -4.536936071 0.0544411 16.0833333333333
1 -2.67239394 0.0665978 17.5833333333333
1 -2.132422529 0.0969736 16.75
1 -6.782006517 0.0366722 16.0833333333333
1 -3.080709909 0.0765836 15.75
1 -4.508887481 0.0370412 18.75
1 -1.135181973 0.0807364 22.3333333333333
1 -1.89407265 0.101035 13.75
1 -5.332307963 0.0543509 15.25
1 -4.410069604 0.0565256 16.5833333333333
1 -6.149760956 0.0737352 19.4166666666667
1 -1.901725263 0.0792045 19.8333333333333
1 -4.931815318 0.0407456 15.5833333333333
1 -4.2006007 0.0551806 15.4166666666667
1 -3.181870776 0.0371868 16.3333333333333
1 -3.222599509 0.10566 14.6666666666667
1 -3.065137813 0.0576005 18.9166666666667
1 -4.467323772 0.0343396 17.3333333333333
1 -5.889470436 0.0452909 19.3333333333333
1 -1.957106981 0.0781165 15.5
1 -3.146599512 0.0642897 17.3333333333333
1 -3.751934688 0.0654415 16.5
1 -2.340859638 0.0853712 17.75
1 -7.632585058 0.0680908 17.0833333333333
1 -2.857836636 0.0983137 19.5833333333333
1 -2.083515253 0.0719038 15.25
1 -3.848901905 0.110215 13.25
1 -2.964079093 0.0890777 18.3333333333333
1 -5.105698374 0.105271 20.25
1 -3.458895852 0.0569008 11.9166666666667
1 -5.105698374 0.0687098 15.1666666666667
1 -4.931815318 0.0432466 20.75
1 -2.317188135 0.0598257 14.8333333333333
1 -2.392979203 0.0959768 15.0833333333333
1 -2.616465307 0.0932816 14.25
1 -3.233989523 0.103715 10.8333333333333
1 -2.787313904 0.0710859 13.4166666666667
1 -3.076035967 0.062158 14.25
1 -4.931815318 0.0495871 18.9166666666667
1 -2.743053833 0.0499341 15.5
1 -3.955385115 0.104251 13.75
1 -2.897272749 0.0872495 14.0833333333333
1 -2.552180618 0.0770298 18.5833333333333
1 -4.247766249 0.0688557 11
1 -2.576125997 0.162148 17.9166666666667
1 -2.247094037 0.0588901 18.6666666666667
1 -4.642837344 0.119324 19.9166666666667
1 -3.063700469 0.107859 14.0833333333333
1 -4.135715171 0.0409108 18.8333333333333
1 -3.481534006 0.0621621 15
1 -3.093672653 0.0876845 17.25
1 -3.572806246 0.0785316 15.8333333333333
1 -2.964079093 0.10564 17.8333333333333
1 -2.247094037 0.0664655 15.0833333333333
1 -1.957106981 0.0530734 18.8333333333333
1 -6.487315671 0.0628795 11.8333333333333
1 -2.160684782 0.0581693 10.9166666666667
1 -3.216865277 0.0529187 15.4166666666667
1 -2.386638676 0.0342207 21.0833333333333
1 -3.837139328 0.0686264 16.1666666666667
1 -1.486236073 0.0598267 19.75
1 -5.485741476 0.0805846 16.4166666666667
1 -3.105488969 0.13331 16.0833333333333
1 -4.532242788 0.0450957 15.9166666666667
1 -5.873899164 0.062407 13.75
1 -1.135181973 0.0381183 15.5833333333333
1 -3.039957191 0.200289 17.6666666666667
1 -3.481534006 0.0628469 15.6666666666667
1 -2.031450377 0.0792197 16.5833333333333
1 -4.928206197 0.0482708 10.25
1 -5.410823412 0.0696564 17.6666666666667
1 -1.713477879 0.0578774 19.4166666666667
1 -2.989022914 0.067614 17.6666666666667
1 -3.654892689 0.0811672 16.9166666666667
1 -5.934777033 0.259599 10.6666666666667
1 -1.135182006 0.048429 15.1666666666667
1 -2.171416165 0.130121 22.9166666666667
1 -1.135181996 0.0491862 20.5
1 -1.594952532 0.0690612 19.4166666666667
1 -2.790570642 0.0538433 16.8333333333333
1 -1.927531959 0.0692344 19.8333333333333
1 -8.611584212 0.0786857 11.6666666666667
1 -3.992168677 0.074246 16.4166666666667
1 -3.118765224 0.0965939 13.75
1 -3.481534006 0.126419 9.66666666666667
1 -5.020746759 0.0718073 17.5
1 -2.576125997 0.0471455 17.8333333333333
1 -4.931815318 0.0764833 19.9166666666667
1 -2.967347894 0.110129 17.8333333333333
1 -2.964079093 0.0432212 18.5833333333333
1 -2.445443372 0.0768903 15.3333333333333
1 -2.128746316 0.0804671 10
1 -4.09715151 0.0666808 15.5
1 -3.293269269 0.0584582 13.75
1 -3.481534006 0.0609853 14.8333333333333
1 -3.572965414 0.0569576 18.5
1 -2.546594937 0.0519934 15.6666666666667
1 -6.300352185 0.0434095 14
1 -3.529585435 0.037272 13.25
1 -2.743053833 0.0647911 16.5
1 -1.927531959 0.0702113 15.25
1 -3.216865277 0.159986 12.8333333333333
1 -5.125768855 0.0551645 17.3333333333333
1 -3.735504112 0.0852871 12.1666666666667
1 -2.576125997 0.0909736 13.8333333333333
1 -4.420351959 0.0426933 10.75
1 -1.13518202 0.0725539 18.6666666666667
1 -4.587401686 0.0771588 14.5833333333333
1 -4.416975322 0.0843413 12.1666666666667
1 -3.711390106 0.0443781 16.25
1 -3.216865277 0.0539252 15.25
1 -4.344967248 0.0720017 13.5833333333333
1 -3.481534006 0.0543406 14.25
1 -3.216865277 0.0609046 19.0833333333333
1 -2.444236061 0.0404244 13.9166666666667
1 -1.713967444 0.0544933 19.8333333333333
1 -8.61158465 0.0835052 23.0833333333333
1 -3.442599335 0.102744 22.9166666666667
1 -4.285449579 0.0782328 23.5833333333333
1 -2.576125997 0.0669669 22.9166666666667
1 -3.837139328 0.0553837 22.5
1 -1.828312129 0.0318601 22.3333333333333
1 -3.322706019 0.085818 21.25
1 -3.837139328 0.035323 22.9166666666667
1 -3.138222318 0.0926464 22.25
1 -6.041528892 0.0774065 22.0833333333333
1 -3.216865277 0.0675229 23
1 -3.216865277 0.0635605 22.6666666666667
1 -4.315521196 0.0871055 22.6666666666667
1 -2.816854878 0.0750424 21.5833333333333
1 -1.266465966 0.0594193 21.5833333333333
1 -5.761845986 0.0857269 21.5833333333333
1 -2.386638676 0.0994062 22.25
1 -4.724262144 0.0373599 21.5
1 -3.041317459 0.0668502 22.5
1 -2.160684782 0.0678194 22.6666666666667
1 -1.135181973 0.109372 20.8333333333333
1 -3.690000591 0.111203 22.5833333333333
1 -4.215485476 0.0644286 21.4166666666667
1 -2.787313904 0.0918579 21.9166666666667
1 -4.567514553 0.0959884 22.0833333333333
1 -5.181057527 0.0378211 21.0833333333333
1 -2.648992731 0.0545991 21.8333333333333
1 -3.181870776 0.0539057 20.75
1 -3.770995826 0.0443401 21.75
1 -3.837139328 0.101445 21.9166666666667
1 -6.703565718 0.109879 22.0833333333333
1 -1.135182006 0.0582934 22.4166666666667
1 -1.135182026 0.0487879 21.75
1 -3.138222318 0.124382 21.5833333333333
1 -5.105698374 0.10107 21.4166666666667
1 -2.787313904 0.0771771 22.4166666666667
1 -2.376355527 0.0577177 21.75
1 -3.216865277 0.108088 21.8333333333333
1 -4.130264038 0.0777994 20.9166666666667
1 -3.084335096 0.0500926 18.5833333333333
1 -2.525671237 0.0458863 17.5833333333333
1 -5.359278043 0.0401569 18.9166666666667
1 -2.616465307 0.0723314 19.5
1 -2.713147905 0.0614371 19.0833333333333
1 -1.822995608 0.06087 18.6666666666667
1 -4.667132194 0.0685372 20
1 -1.65870114 0.0319777 21.5833333333333
1 -1.266465966 0.0536365 20.5833333333333
1 -2.257567415 0.0576923 18.5833333333333
1 -2.576125997 0.0377407 19.75
1 -4.277099792 0.0499837 19.5
1 -2.576125997 0.0473695 20.5
1 -3.749131899 0.0679087 19.4166666666667
1 -5.485741476 0.0590596 19.1666666666667
1 -2.921740537 0.0707463 19.25
1 -3.458895852 0.0690061 19
1 -2.593703623 0.0714805 18.9166666666667
1 -5.100947144 0.0844939 18.9166666666667
1 -2.995496945 0.0589249 18.25
1 -4.130264038 0.0868056 20.25
1 -1.135182006 0.0572538 18.0833333333333
1 -3.423308858 0.0456621 18.8333333333333
1 -1.651373345 0.0591553 20.4166666666667
1 -4.030197228 0.258906 19.4166666666667
1 -3.837139328 0.0686214 18.1666666666667
1 -3.216865277 0.0906888 17.5833333333333
1 -3.481534006 0.046469 17.75
1 -2.366503019 0.0799583 16.3333333333333
1 -1.135182006 0.071062 16.5
1 -3.985307971 0.0773063 16.3333333333333
1 -3.263847621 0.114012 16.8333333333333
1 -3.985143875 0.0630019 15.6666666666667
1 -2.70504419 0.0887506 15.8333333333333
1 -1.385410962 0.0807697 15.5833333333333
1 -2.132422529 0.0746567 14.9166666666667
1 -5.198369291 0.0677314 17
1 -2.247094037 0.0589413 17
1 -4.938993982 0.093432 17.5
1 -3.299303086 0.0498199 17.9166666666667
1 -3.491889655 0.042248 17.3333333333333
1 -2.722253538 0.0684272 15.4166666666667
1 -3.704656793 0.163846 15.25
1 -3.263015977 0.0768661 17.25
1 -5.290272745 0.0704324 14.0833333333333
1 -4.629003165 0.0649071 16.9166666666667
1 -3.837139328 0.0539748 15.75
1 -5.485741476 0.111324 13.5
1 -8.611584676 0.0590278 17.1666666666667
1 -2.568821278 0.0596033 13.6666666666667
1 -2.616465307 0.137643 15.4166666666667
1 -2.736031186 0.0431634 15.75
1 -3.099514266 0.0696481 20.5833333333333
1 -3.263847621 0.0418321 18.1666666666667
1 -2.917018229 0.0700688 17.6666666666667
1 -1.135182006 0.138288 17.25
1 -2.126247382 0.0650384 16.5833333333333
1 -3.985307971 0.0496159 16.9166666666667
1 -4.701303148 0.0577174 20.25
1 -2.247094037 0.1028 15.5833333333333
1 -5.105698374 0.0598324 16.1666666666667
1 -4.242376229 0.0563608 15
1 -4.778471686 0.0840145 15.1666666666667
1 -4.753237436 0.0601378 19.5833333333333
1 -3.301502683 0.090828 13.6666666666667
1 -7.573475542 0.0812402 15.8333333333333
1 -4.467323772 0.0539794 21.1666666666667
1 -5.030035108 0.0348744 18
1 -1.778817351 0.0771159 13.5833333333333
1 -3.080709909 0.0666968 16.25
1 -5.065442375 0.094918 15.6666666666667
1 -3.201860919 0.0723487 17
1 -6.036519666 0.0874757 19
1 -5.105698374 0.0567385 17.0833333333333
1 -4.2801553 0.0751836 20.1666666666667
1 -2.743053833 0.0726965 18.1666666666667
1 -2.559464415 0.0526142 19
1 -3.854804107 0.151435 16.5
1 -2.576125997 0.0321077 16.0833333333333
1 -1.135182006 0.0679633 14.75
1 -3.4268553 0.106666 18.9166666666667
1 -3.479033654 0.221361 15.25
1 -3.299303086 0.0529468 14
1 -3.716063028 0.0502458 13.3333333333333
1 -3.240407356 0.115795 13.3333333333333
1 -2.386638676 0.0841121 12
1 -4.277099792 0.0912612 11.75
1 -2.396827021 0.0802017 11.5
1 -3.4268553 0.0850821 13.25
1 -7.970964674 0.0553972 12.5833333333333
1 -3.287666293 0.0419953 13.5
1 -4.574417365 0.0716105 12
1 -5.234839903 0.0384275 11.75
1 -3.458895852 0.0573155 16.9166666666667
1 -4.030197228 0.0602161 17.4166666666667
1 -3.837139328 0.0635553 20.5
1 -3.873825166 0.147035 12.5
1 -1.135182006 0.147614 13.4166666666667
1 -1.135181973 0.0923407 12.4166666666667
1 -4.574417365 0.0820173 13.1666666666667
1 -2.800343693 0.135123 12
1 -5.485741476 0.0892056 20.3333333333333
1 -2.718734958 0.037962 20.75
1 -2.787313904 0.0620255 19.75
1 -1.135182006 0.046978 18.3333333333333
1 -2.000366399 0.0947706 18.4166666666667
1 -1.135182006 0.0723542 17.1666666666667
1 -1.292174055 0.0734838 18.1666666666667
1 -3.481534006 0.0534445 16.9166666666667
1 -1.135181973 0.0394819 18.5
