1 -53.4855565166668 0.0978577
1 -49.1459745878334 0.0648732
1 -32.8975726099999 0.0594846
1 -19.3994051826666 0.0781972
1 -41.51724405675 0.0568608
1 -106.689550935 0.0318943
1 -99.2320886449998 0.0449595
1 -62.5439759396668 0.0650562
1 -19.277013942 0.0598389
1 -50.716071865 0.0829769
1 -48.2583734360001 0.0806912
1 -38.8565671214166 0.0865274
1 -36.3486210316668 0.0447214
1 -35.9965107863332 0.0577547
1 -119.056191500583 0.0718674
1 -64.2926082926666 0.0606885
1 -61.94585964125 0.0523624
1 -25.08971290125 0.0530956
1 -48.0581721596668 0.0372693
1 -32.5828635365 0.0812963
1 -158.4357780135 0.100269
1 -20.088458949 0.0733373
1 -30.4445659584999 0.087513
1 -70.3572241898335 0.0636841
1 -82.8774647745 0.0663239
1 -49.0316039178332 0.0821123
1 -54.1685697554166 0.0361391
1 -139.220618928667 0.060843
1 -49.0316039178332 0.0648986
1 -58.4772698762501 0.163948
1 -101.446417125 0.0754418
1 -34.3483466266666 0.0456769
1 -64.33730554 0.0982476
1 -67.4895448250835 0.147103
1 -146.396937061 0.0529465
1 -26.7016969477499 0.0908061
1 -62.263023511 0.123285
1 -83.1012214129168 0.0510295
1 -55.4211306 0.0781316
1 -56.7364074907501 0.0648609
1 -38.4873938359166 0.0826725
1 -19.3398786875 0.0775001
1 -72.9690551419165 0.0544411
1 -46.9895934449999 0.0665978
1 -35.71807736075 0.0969736
1 -109.07727148175 0.0366722
1 -48.52118106675 0.0765836
1 -84.54164026875 0.0370412
1 -25.352397397 0.0807364
1 -26.0434989375 0.101035
1 -81.31769643575 0.0543509
1 -73.1336542663332 0.0565256
1 -119.407858562334 0.0737352
1 -37.7175510494999 0.0792045
1 -76.8541220388332 0.0407456
1 -64.7592607916668 0.0551806
1 -51.9705560079999 0.0371868
1 -47.2647927986668 0.10566
1 -57.9821902959168 0.0576005
1 -77.4336120479999 0.0343396
1 -113.863095096 0.0452909
1 -30.3351582055 0.0781165
1 -54.5410582079999 0.0642897
1 -61.906922352 0.0654415
1 -41.5502585745 0.0853712
1 -130.389994740833 0.0680908
1 -55.9659674549999 0.0983137
1 -31.77360760825 0.0719038
1 -50.99795024125 0.110215
1 -54.3414500383332 0.0890777
1 -103.3903920735 0.105271
1 -41.2185089030001 0.0569008
1 -77.4364253390002 0.0687098
1 -102.3351678485 0.0432466
1 -34.3716240024999 0.0598257
1 -36.0941029785833 0.0959768
1 -37.28463062475 0.0932816
1 -35.0348864991666 0.103715
1 -37.3964615453334 0.0710859
1 -43.83351252975 0.062158
1 -93.2935064321668 0.0495871
1 -42.5173344115 0.0499341
1 -54.38654533125 0.104251
1 -40.8032578817499 0.0872495
1 -47.4280231511666 0.0770298
1 -46.725428739 0.0688557
1 -46.1555907795834 0.162148
1 -41.9457553573334 0.0588901
1 -92.4698437680002 0.119324
1 -43.1471149384166 0.107859
1 -77.8893023871665 0.0409108
1 -52.22301009 0.0621621
1 -53.36585326425 0.0876845
1 -56.5694322283332 0.0785316
1 -52.8594104918332 0.10564
1 -33.8936683914166 0.0664655
1 -36.8588481421666 0.0530734
1 -76.7665687734998 0.0628795
1 -23.5874755368334 0.0581693
1 -49.5933396870834 0.0529187
1 -50.3182987523333 0.0342207
1 -62.0337524693335 0.0686264
1 -29.35316244175 0.0598267
1 -90.0575892310002 0.0805846
1 -49.9466142514166 0.13331
1 -72.1381977090001 0.0450957
1 -80.766113505 0.062407
1 -17.68991907925 0.0381183
1 -53.7059103743334 0.200289
1 -54.5440327606668 0.0628469
1 -33.6882187519166 0.0792197
1 -50.51411351925 0.0482708
1 -95.5912136120002 0.0696564
1 -33.2700288172501 0.0578774
1 -52.8060714806668 0.067614
1 -61.8286013222501 0.0811672
1 -63.3042883520002 0.259599
1 -17.216927091 0.048429
1 -49.7616204479167 0.130121
1 -23.271230918 0.0491862
1 -30.9686616630001 0.0690612
1 -46.9746058069999 0.0538433
1 -38.2293838534999 0.0692344
1 -100.468482473334 0.0786857
1 -65.5381024474168 0.074246
1 -42.88302183 0.0965939
1 -33.6548287246667 0.126419
1 -87.8630682825 0.0718073
1 -45.9409136131666 0.0471455
1 -98.2253217501668 0.0764833
1 -52.9177041096666 0.110129
1 -55.0824698115832 0.0432212
1 -37.4967983706666 0.0768903
1 -21.28746316 0.0804671
1 -63.505848405 0.0666808
1 -45.28245244875 0.0584582
1 -51.6427544223332 0.0609853
1 -66.099860159 0.0569576
1 -39.8966540130001 0.0519934
1 -88.20493059 0.0434095
1 -46.76700701375 0.037272
1 -45.2603882445 0.0647911
1 -29.39486237475 0.0702113
1 -41.2831043881666 0.159986
1 -88.8466601533332 0.0551645
1 -45.4486333626668 0.0852871
1 -35.6364096251666 0.0909736
1 -47.51878355925 0.0426933
1 -21.1900643733334 0.0725539
1 -66.8996079208332 0.0771588
1 -53.7398664176668 0.0843413
1 -60.3100892225 0.0443781
1 -49.05719547425 0.0539252
1 -59.0191384519999 0.0720017
1 -49.6118595855 0.0543406
1 -61.3885123694166 0.0609046
1 -34.0156185155834 0.0404244
1 -33.9936876393333 0.0544933
1 -198.784079004166 0.0835052
1 -78.8929014270834 0.102744
1 -101.06518590475 0.0782328
1 -59.0362207645834 0.0669669
1 -86.33563488 0.0553837
1 -40.8323042143333 0.0318601
1 -70.60750290375 0.085818
1 -87.9344429333335 0.035323
1 -69.8254465755 0.0926464
1 -133.417096365 0.0774065
1 -73.987901371 0.0675229
1 -72.9156129453335 0.0635605
1 -97.8184804426668 0.0871055
1 -60.7971177834999 0.0750424
1 -27.3345570995 0.0594193
1 -124.359842531166 0.0857269
1 -53.102710541 0.0994062
1 -101.571636096 0.0373599
1 -68.4296428275 0.0668502
1 -48.9755217253334 0.0678194
1 -23.6496244375 0.109372
1 -83.3325133467499 0.111203
1 -90.2816472776668 0.0644286
1 -61.0886297293334 0.0918579
1 -100.86594637875 0.0959884
1 -109.233962860916 0.0378211
1 -57.8363412934999 0.0545991
1 -66.023818602 0.0539057
1 -82.0191592155 0.0443401
1 -84.0973036053335 0.101445
1 -148.0370762725 0.109879
1 -25.4469966345 0.0582934
1 -24.6902090655 0.0487879
1 -67.7332983634999 0.124382
1 -109.3470401765 0.10107
1 -62.4822866813334 0.0771771
1 -51.68573271225 0.0577177
1 -70.2348918811666 0.108088
1 -86.3913561281668 0.0777994
1 -57.3172272006666 0.0500926
1 -44.4097192505833 0.0458863
1 -101.379676313417 0.0401569
1 -51.0210734865 0.0723314
1 -51.7759058537499 0.0614371
1 -34.0292513493334 0.06087
1 -93.34264388 0.0685372
1 -35.8002996049999 0.0319777
1 -26.0680911335 0.0536365
1 -41.9531277954166 0.0576923
1 -50.87848844075 0.0377407
1 -83.403445944 0.0499837
1 -52.8105829385 0.0473695
1 -72.7956443722501 0.0679087
1 -105.14337829 0.0590596
1 -56.24350533725 0.0707463
1 -65.719021188 0.0690061
1 -49.0642268684168 0.0714805
1 -96.4929168073335 0.0844939
1 -54.66781924625 0.0589249
1 -83.6378467695 0.0868056
1 -20.5278746085 0.0572538
1 -64.4723168256666 0.0456621
1 -33.7155391270834 0.0591553
1 -78.2529961770001 0.258906
1 -69.7080311253335 0.0686214
1 -56.5632144539166 0.0906888
1 -61.7972286065 0.046469
1 -38.6528826436666 0.0799583
1 -18.730503099 0.071062
1 -65.0933635263332 0.0773063
1 -54.9414349534999 0.114012
1 -62.4339207083335 0.0630019
1 -42.8298663416666 0.0887506
1 -21.5893208245 0.0807697
1 -31.8086360575834 0.0746567
1 -88.372277947 0.0677314
1 -38.200598629 0.0589413
1 -86.432394685 0.093432
1 -59.1125136241668 0.0498199
1 -60.5260873533332 0.042248
1 -41.9680753775001 0.0684272
1 -56.49601609325 0.163846
1 -56.28702560325 0.0768661
1 -74.5046744920832 0.0704324
1 -78.3073035412502 0.0649071
1 -60.434944416 0.0539748
1 -74.057509926 0.111324
1 -147.832203604667 0.0590278
1 -35.1072241326668 0.0596033
1 -40.3371734829168 0.137643
1 -43.0924911795 0.0431634
1 -63.7983353084999 0.0696481
1 -59.2932317815001 0.0418321
1 -51.5339887123334 0.0700688
1 -19.5818896035 0.138288
1 -35.2602690848333 0.0650384
1 -67.4181265094168 0.0496159
1 -95.201388747 0.0577174
1 -35.0172154099166 0.1028
1 -82.5421237130002 0.0598324
1 -63.635643435 0.0563608
1 -72.4734872376668 0.0840145
1 -93.0842331216665 0.0601378
1 -45.1205366676668 0.090828
1 -119.913362748333 0.0812402
1 -94.5583531740002 0.0539794
1 -90.540631944 0.0348744
1 -24.1622690177499 0.0771159
1 -50.06153602125 0.0666968
1 -79.3585972083335 0.094918
1 -54.431635623 0.0723487
1 -114.693873654 0.0874757
1 -87.2223472224998 0.0567385
1 -86.3164652166668 0.0751836
1 -49.8321446328334 0.0726965
1 -48.629823885 0.0526142
1 -63.6042677655 0.151435
1 -41.4326931184166 0.0321077
1 -16.7439345885 0.0679633
1 -64.8246794250001 0.106666
1 -53.0552632235 0.221361
1 -46.190243204 0.0529468
1 -49.5475070399999 0.0502458
1 -43.2054314133332 0.115795
1 -28.639664112 0.0841121
1 -50.255922556 0.0912612
1 -27.5635107415 0.0802017
1 -45.405832725 0.0850821
1 -100.301305481166 0.0553972
1 -44.3834949555 0.0419953
1 -54.89300838 0.0716105
1 -61.50936886025 0.0384275
1 -58.5129881630001 0.0573155
1 -70.1926017210001 0.0602161
1 -78.661356224 0.0635553
1 -48.422814575 0.147035
1 -15.2303585805 0.147614
1 -14.09517616475 0.0923407
1 -60.2298286391668 0.0820173
1 -33.604124316 0.135123
1 -111.543410012 0.0892056
1 -56.4137503785 0.037962
1 -55.049449604 0.0620255
1 -20.81167011 0.046978
1 -36.8400811815834 0.0947706
1 -19.487291103 0.0723542
1 -23.4744953325 0.0734838
1 -58.8959502681668 0.0534445
1 -21.0008665005 0.0394819
