1 0.96956 -0.52788 -0.0047757
1 -2.2162 0.47212 -0.017904
1 -1.1786 -0.52788 -0.026462
1 -2.4958 0.47212 -0.019039
1 0.32882 -0.52788 -0.029287
1 0.75838 0.47212 0.068315
1 0.36382 0.47212 -0.0062845
1 1.7174 -0.52788 -0.028564
1 -0.58457 0.47212 0.037556
1 -0.29145 0.47212 -0.045465
1 2.1603 0.47212 0.069528
1 -0.43945 -0.52788 -0.026673
1 0.32882 0.47212 0.044848
1 -1.56 0.47212 -0.0056301
1 1.1792 0.47212 -0.016346
1 0.0538 0.47212 -0.035427
1 2.4105 0.47212 0.010607
1 -1.3933 -0.52788 0.00098639
1 1.2881 -0.52788 -0.028256
1 -1.1556 -0.52788 -0.029351
1 -0.15897 0.47212 -0.024097
1 0.95199 0.47212 -0.026905
1 1.4194 -0.52788 -0.0015327
1 0.55019 0.47212 0.05216
1 0.28267 0.47212 -0.034842
1 0.12238 -0.52788 -0.036768
1 0.064155 0.47212 -0.038399
1 -1.56 -0.52788 -0.028175
1 -1.2328 -0.52788 -0.028804
1 -1.9401 -0.52788 0.016108
1 -3.1245 0.47212 0.012385
1 0.11883 0.47212 0.0052588
1 -1.0287 0.47212 -0.020344
1 -0.29145 0.47212 -0.034137
1 -0.44648 0.47212 -0.022996
1 0.50573 0.47212 -0.0068668
1 0.62867 0.47212 -0.035845
1 -0.32814 -0.52788 0.025853
1 -0.69669 0.47212 -0.027961
1 1.7669 0.47212 0.0072216
1 -1.2075 -0.52788 0.094162
1 0.55019 0.47212 -0.0085823
1 2.4105 -0.52788 0.029072
1 -5.0659 0.47212 0.0046374
1 2.4105 -0.52788 -0.014332
1 0.50373 0.47212 -0.016753
1 -0.73141 -0.52788 -0.012218
1 -0.73141 -0.52788 0.025171
1 0.28184 -0.52788 -0.015297
1 -0.17037 -0.52788 -0.0232
1 -0.23843 0.47212 -0.015108
1 0.9799 -0.52788 -0.041464
1 2.4105 -0.52788 -0.022934
1 0.24419 -0.52788 -0.018193
1 -0.32931 -0.52788 0.11194
1 0.46498 -0.52788 -0.011498
1 -1.2257 -0.52788 -0.016517
1 -2.2737 -0.52788 -0.042127
1 -5.0659 -0.52788 -0.014287
1 -0.48451 0.47212 0.057171
1 0.064155 -0.52788 -0.017664
1 -1.2438 -0.52788 0.0092187
1 -1.3346 0.47212 -0.015056
1 2.4105 0.47212 -0.019963
1 0.72883 0.47212 0.10834
1 -0.86438 0.47212 -0.011715
1 -2.3438 0.47212 -0.030018
1 1.1591 0.47212 -0.0045626
1 0.36382 -0.52788 -0.037012
1 1.5886 0.47212 -0.033557
1 -1.7866 0.47212 -0.010307
1 0.28184 0.47212 0.0033767
1 -1.3861 -0.52788 -0.034248
1 1.644 -0.52788 0.011377
1 -3.1579 -0.52788 0.063683
1 -1.9401 0.47212 -0.010972
1 -1.9401 0.47212 -0.034968
1 -4.0278 0.47212 0.071509
1 1.9988 0.47212 0.038852
1 -0.65491 -0.52788 -0.01319
1 0.24639 0.47212 -0.029151
1 -4.0869 0.47212 -0.027765
1 0.8733 0.47212 0.019807
1 2.2195 0.47212 0.026444
1 -0.52963 0.47212 0.038989
1 0.68785 0.47212 -0.038805
1 0.32309 -0.52788 0.053429
1 -1.9401 0.47212 -0.016205
1 1.4622 -0.52788 -0.023822
1 0.31808 -0.52788 0.005122
1 1.2986 -0.52788 -0.0030563
1 1.4133 0.47212 0.0015634
1 0.96956 0.47212 0.083601
1 -0.30321 -0.52788 0.038537
1 0.48055 0.47212 0.00064372
1 -1.56 0.47212 -0.0019329
1 2.2535 -0.52788 -0.021395
1 1.2285 -0.52788 0.11367
1 1.5453 0.47212 0.11974
1 1.4174 0.47212 0.022337
1 0.48199 0.47212 -0.0048333
1 2.2535 0.47212 -0.012383
1 -0.29145 0.47212 -0.035965
1 0.74535 -0.52788 -0.01069
1 0.086793 0.47212 -0.018453
1 -0.027117 0.47212 -0.033726
1 -0.70208 0.47212 0.016743
1 0.46965 0.47212 0.0029637
1 -0.29145 -0.52788 0.0043102
1 1.1527 0.47212 0.007455
1 0.75838 -0.52788 -0.0027668
1 0.3117 -0.52788 0.10402
1 -2.3891 0.47212 0.11298
1 0.11883 0.47212 0.035885
1 -1.3861 -0.52788 -0.027143
1 1.5886 0.47212 0.00057349
1 1.3889 0.47212 -0.022875
1 1.02 -0.52788 -0.012237
1 1.2048 -0.52788 -0.020745
1 -0.20625 0.47212 -0.02091
1 2.4105 0.47212 -0.014883
1 0.42692 0.47212 0.05645
1 0.50573 -0.52788 0.1306
1 -1.6892 -0.52788 0.073303
1 1.9507 0.47212 -0.0092615
1 0.32882 0.47212 -0.014219
1 0.62395 -0.52788 0.012929
1 0.57834 -0.52788 0.031939
1 1.1002 -0.52788 0.025197
1 1.6182 0.47212 0.0036319
1 -5.0659 0.47212 0.00035029
1 0.46135 -0.52788 -0.010084
1 -2.3282 0.47212 0.033963
1 -0.44648 -0.52788 0.0075258
1 -2.4908 0.47212 -0.028485
1 0.58161 -0.52788 -0.0063179
1 2.2792 0.47212 -0.025092
1 -1.56 0.47212 0.014315
1 0.064155 -0.52788 0.067104
1 0.25802 -0.52788 -0.025787
1 1.2986 0.47212 -0.0027652
1 -3.2253 0.47212 -0.034334
1 1.8322 -0.52788 -0.0022954
1 0.96956 0.47212 0.054525
1 0.25242 0.47212 -0.015059
1 -0.59003 -0.52788 -0.017611
1 2.4105 -0.52788 0.013153
1 1.8322 -0.52788 0.018439
1 -2.9416 0.47212 -0.029087
1 -0.55146 0.47212 0.065755
1 0.016104 0.47212 -0.0074796
1 -0.87466 -0.52788 -0.0021842
1 -0.9632 -0.52788 0.053264
1 -2.7547 -0.52788 -0.035038
1 1.385 -0.52788 -0.014976
1 1.1489 -0.52788 0.0064205
1 0.80264 -0.52788 -0.025368
1 0.32882 -0.52788 0.067872
1 0.32882 -0.52788 -0.010839
1 -0.79928 -0.52788 0.012477
1 -2.6041 0.47212 -0.025916
1 -0.77336 -0.52788 -0.0061536
1 -1.0287 0.47212 -0.012925
1 2.4105 0.47212 -0.0037624
1 -0.87129 0.47212 0.015953
1 -1.5215 -0.52788 -0.011525
1 -4.4253 -0.52788 -0.0055112
1 1.8317 0.47212 -0.025712
1 -0.29145 0.47212 -0.0068444
1 -1.8651 -0.52788 -0.0096271
1 0.064155 -0.52788 -0.0047709
1 0.064155 -0.52788 0.0093415
1 2.4105 -0.52788 0.11136
1 0.32882 0.47212 -0.033849
1 1.1015 -0.52788 -0.026551
1 0.32882 -0.52788 -0.018865
1 0.064155 0.47212 -0.011058
1 -0.1657 0.47212 -0.023823
1 1.6182 0.47212 0.0027928
1 1.8943 -0.52788 -0.012342
1 -0.4097 -0.52788 0.021512
1 -0.14431 -0.52788 0.067232
1 2.4105 0.47212 0.0026778
1 -1.3861 -0.52788 -0.025374
1 -0.76983 0.47212 0.0029841
1 0.086793 0.47212 -0.024511
1 1.1693 0.47212 -0.034879
1 -0.43962 -0.52788 0.0092
1 0.40747 -0.52788 -0.01524
1 0.8967 -0.52788 0.11342
1 0.75838 -0.52788 0.0022735
1 0.92922 0.47212 0.047444
1 -1.4751 -0.52788 -0.031841
1 -1.0218 0.47212 0.0095731
1 0.22298 0.47212 0.0025561
1 -0.29145 -0.52788 -0.045381
1 1.2986 0.47212 -0.0033257
1 1.887 -0.52788 -0.038203
1 -0.22531 -0.52788 -0.0011328
1 -1.6354 -0.52788 -0.042727
1 0.39909 0.47212 -0.00015335
1 0.83254 0.47212 0.039057
1 -0.1092 0.47212 0.012178
1 0.96956 -0.52788 -0.052787
1 -1.4843 -0.52788 -0.026844
1 0.44618 0.47212 -0.028683
1 -1.5553 0.47212 -0.02312
1 -0.92163 -0.52788 0.018661
1 0.46498 0.47212 -0.03674
1 -1.4772 0.47212 -0.030058
1 -0.98655 0.47212 -0.029514
1 -1.1214 0.47212 -0.038118
1 0.96956 -0.52788 -0.0059401
1 0.46498 -0.52788 -0.016476
1 0.80264 -0.52788 0.076033
1 2.4105 -0.52788 -0.038342
1 0.10309 0.47212 0.026931
1 0.80264 -0.52788 -0.028771
1 -0.26636 -0.52788 -0.021404
1 2.4105 0.47212 0.004881
1 2.2816 0.47212 0.003679
1 -1.8648 -0.52788 0.076823
1 0.064155 -0.52788 -0.0043281
1 0.34383 -0.52788 -0.040301
1 0.30528 0.47212 0.00055542
1 0.46674 -0.52788 -0.01618
1 -1.56 -0.52788 -0.0022855
1 2.4105 -0.52788 0.020173
1 0.75512 0.47212 -0.030888
1 1.6516 0.47212 0.014928
1 1.3449 -0.52788 -0.0083176
1 -4.5792 -0.52788 0.055206
1 1.4133 0.47212 -0.03118
1 -0.99125 0.47212 -0.015533
1 0.98622 0.47212 -0.013943
1 0.13192 0.47212 -0.020901
1 -1.8136 -0.52788 -0.039521
1 1.7227 0.47212 -0.015253
1 -0.20344 0.47212 -0.021981
1 0.96956 -0.52788 -0.032639
1 1.3743 -0.52788 0.0034111
1 -0.48451 0.47212 0.017194
1 1.1591 0.47212 -0.021528
1 -1.6527 0.47212 0.031816
1 -1.0971 0.47212 -0.01667
1 0.99351 0.47212 0.020419
1 -5.0659 0.47212 -0.0047341
1 -0.027276 -0.52788 -0.036553
1 -1.0417 -0.52788 0.0069328
1 0.32882 -0.52788 0.0089344
1 0.75838 0.47212 -0.032988
1 0.36382 0.47212 -0.023812
1 -1.5801 0.47212 -0.027551
1 -1.56 0.47212 -0.021941
1 -0.92163 -0.52788 -0.041495
1 0.96956 0.47212 -0.021494
1 2.4105 -0.52788 0.015083
1 0.50437 0.47212 -0.026607
1 0.40747 0.47212 -0.027618
1 0.4402 -0.52788 0.073507
1 1.2986 -0.52788 0.053086
1 0.064155 -0.52788 -0.01542
1 2.2792 -0.52788 -0.022215
1 0.96956 0.47212 0.016699
1 -3.2363 0.47212 -0.019103
1 0.46674 -0.52788 -0.011795
1 0.80966 0.47212 -0.04229
1 0.33656 -0.52788 -0.024872
1 0.64842 -0.52788 0.0077665
