1 0.96956
1 -2.2162
1 -1.1786
1 -2.4958
1 0.32882
1 0.75838
1 0.36382
1 1.7174
1 -0.58457
1 -0.29145
1 2.1603
1 -0.43945
1 0.32882
1 -1.56
1 1.1792
1 0.0538
1 2.4105
1 -1.3933
1 1.2881
1 -1.1556
1 -0.15897
1 0.95199
1 1.4194
1 0.55019
1 0.28267
1 0.12238
1 0.064155
1 -1.56
1 -1.2328
1 -1.9401
1 -3.1245
1 0.11883
1 -1.0287
1 -0.29145
1 -0.44648
1 0.50573
1 0.62867
1 -0.32814
1 -0.69669
1 1.7669
1 -1.2075
1 0.55019
1 2.4105
1 -5.0659
1 2.4105
1 0.50373
1 -0.73141
1 -0.73141
1 0.28184
1 -0.17037
1 -0.23843
1 0.9799
1 2.4105
1 0.24419
1 -0.32931
1 0.46498
1 -1.2257
1 -2.2737
1 -5.0659
1 -0.48451
1 0.064155
1 -1.2438
1 -1.3346
1 2.4105
1 0.72883
1 -0.86438
1 -2.3438
1 1.1591
1 0.36382
1 1.5886
1 -1.7866
1 0.28184
1 -1.3861
1 1.644
1 -3.1579
1 -1.9401
1 -1.9401
1 -4.0278
1 1.9988
1 -0.65491
1 0.24639
1 -4.0869
1 0.8733
1 2.2195
1 -0.52963
1 0.68785
1 0.32309
1 -1.9401
1 1.4622
1 0.31808
1 1.2986
1 1.4133
1 0.96956
1 -0.30321
1 0.48055
1 -1.56
1 2.2535
1 1.2285
1 1.5453
1 1.4174
1 0.48199
1 2.2535
1 -0.29145
1 0.74535
1 0.086793
1 -0.027117
1 -0.70208
1 0.46965
1 -0.29145
1 1.1527
1 0.75838
1 0.3117
1 -2.3891
1 0.11883
1 -1.3861
1 1.5886
1 1.3889
1 1.02
1 1.2048
1 -0.20625
1 2.4105
1 0.42692
1 0.50573
1 -1.6892
1 1.9507
1 0.32882
1 0.62395
1 0.57834
1 1.1002
1 1.6182
1 -5.0659
1 0.46135
1 -2.3282
1 -0.44648
1 -2.4908
1 0.58161
1 2.2792
1 -1.56
1 0.064155
1 0.25802
1 1.2986
1 -3.2253
1 1.8322
1 0.96956
1 0.25242
1 -0.59003
1 2.4105
1 1.8322
1 -2.9416
1 -0.55146
1 0.016104
1 -0.87466
1 -0.9632
1 -2.7547
1 1.385
1 1.1489
1 0.80264
1 0.32882
1 0.32882
1 -0.79928
1 -2.6041
1 -0.77336
1 -1.0287
1 2.4105
1 -0.87129
1 -1.5215
1 -4.4253
1 1.8317
1 -0.29145
1 -1.8651
1 0.064155
1 0.064155
1 2.4105
1 0.32882
1 1.1015
1 0.32882
1 0.064155
1 -0.1657
1 1.6182
1 1.8943
1 -0.4097
1 -0.14431
1 2.4105
1 -1.3861
1 -0.76983
1 0.086793
1 1.1693
1 -0.43962
1 0.40747
1 0.8967
1 0.75838
1 0.92922
1 -1.4751
1 -1.0218
1 0.22298
1 -0.29145
1 1.2986
1 1.887
1 -0.22531
1 -1.6354
1 0.39909
1 0.83254
1 -0.1092
1 0.96956
1 -1.4843
1 0.44618
1 -1.5553
1 -0.92163
1 0.46498
1 -1.4772
1 -0.98655
1 -1.1214
1 0.96956
1 0.46498
1 0.80264
1 2.4105
1 0.10309
1 0.80264
1 -0.26636
1 2.4105
1 2.2816
1 -1.8648
1 0.064155
1 0.34383
1 0.30528
1 0.46674
1 -1.56
1 2.4105
1 0.75512
1 1.6516
1 1.3449
1 -4.5792
1 1.4133
1 -0.99125
1 0.98622
1 0.13192
1 -1.8136
1 1.7227
1 -0.20344
1 0.96956
1 1.3743
1 -0.48451
1 1.1591
1 -1.6527
1 -1.0971
1 0.99351
1 -5.0659
1 -0.027276
1 -1.0417
1 0.32882
1 0.75838
1 0.36382
1 -1.5801
1 -1.56
1 -0.92163
1 0.96956
1 2.4105
1 0.50437
1 0.40747
1 0.4402
1 1.2986
1 0.064155
1 2.2792
1 0.96956
1 -3.2363
1 0.46674
1 0.80966
1 0.33656
1 0.64842
