1 -2.5761
1 -5.7618
1 -4.7243
1 -6.0415
1 -3.2169
1 -2.7873
1 -3.1819
1 -1.8283
1 -4.1303
1 -3.8371
1 -1.3854
1 -3.9851
1 -3.2169
1 -5.1057
1 -2.3665
1 -3.4919
1 -1.1352
1 -4.939
1 -2.2576
1 -4.7013
1 -3.7047
1 -2.5937
1 -2.1262
1 -2.9955
1 -3.263
1 -3.4233
1 -3.4815
1 -5.1057
1 -4.7785
1 -5.4857
1 -6.6702
1 -3.4269
1 -4.5744
1 -3.8371
1 -3.9922
1 -3.04
1 -2.917
1 -3.8738
1 -4.2424
1 -1.7788
1 -4.7532
1 -2.9955
1 -1.1352
1 -8.6116
1 -1.1352
1 -3.042
1 -4.2771
1 -4.2771
1 -3.2638
1 -3.7161
1 -3.7841
1 -2.5658
1 -1.1352
1 -3.3015
1 -3.875
1 -3.0807
1 -4.7714
1 -5.8194
1 -8.6116
1 -4.0302
1 -3.4815
1 -4.7895
1 -4.8803
1 -1.1352
1 -2.8169
1 -4.4101
1 -5.8895
1 -2.3866
1 -3.1819
1 -1.9571
1 -5.3323
1 -3.2638
1 -4.9318
1 -1.9017
1 -6.7036
1 -5.4857
1 -5.4857
1 -7.5735
1 -1.5469
1 -4.2006
1 -3.2993
1 -7.6326
1 -2.6724
1 -1.3262
1 -4.0753
1 -2.8578
1 -3.2226
1 -5.4857
1 -2.0835
1 -3.2276
1 -2.2471
1 -2.1324
1 -2.5761
1 -3.8489
1 -3.0651
1 -5.1057
1 -1.2922
1 -2.3172
1 -2.0004
1 -2.1283
1 -3.0637
1 -1.2922
1 -3.8371
1 -2.8003
1 -3.4589
1 -3.5728
1 -4.2478
1 -3.076
1 -3.8371
1 -2.393
1 -2.7873
1 -3.234
1 -5.9348
1 -3.4269
1 -4.9318
1 -1.9571
1 -2.1567
1 -2.5257
1 -2.3409
1 -3.7519
1 -1.1352
1 -3.1188
1 -3.04
1 -5.2348
1 -1.595
1 -3.2169
1 -2.9217
1 -2.9673
1 -2.4454
1 -1.9275
1 -8.6116
1 -3.0843
1 -5.8739
1 -3.9922
1 -6.0365
1 -2.9641
1 -1.2665
1 -5.1057
1 -3.4815
1 -3.2877
1 -2.2471
1 -6.771
1 -1.7135
1 -2.5761
1 -3.2933
1 -4.1357
1 -1.1352
1 -1.7135
1 -6.4873
1 -4.0972
1 -3.5296
1 -4.4204
1 -4.5089
1 -6.3004
1 -2.1607
1 -2.3968
1 -2.7431
1 -3.2169
1 -3.2169
1 -4.345
1 -6.1498
1 -4.319
1 -4.5744
1 -1.1352
1 -4.417
1 -5.0672
1 -7.971
1 -1.714
1 -3.8371
1 -5.4108
1 -3.4815
1 -3.4815
1 -1.1352
1 -3.2169
1 -2.4442
1 -3.2169
1 -3.4815
1 -3.7114
1 -1.9275
1 -1.6514
1 -3.9554
1 -3.69
1 -1.1352
1 -4.9318
1 -4.3155
1 -3.4589
1 -2.3764
1 -3.9853
1 -3.1382
1 -2.649
1 -2.7873
1 -2.6165
1 -5.0207
1 -4.5675
1 -3.3227
1 -3.8371
1 -2.2471
1 -1.6587
1 -3.771
1 -5.1811
1 -3.1466
1 -2.7131
1 -3.6549
1 -2.5761
1 -5.03
1 -3.0995
1 -5.1009
1 -4.4673
1 -3.0807
1 -5.0229
1 -4.5322
1 -4.6671
1 -2.5761
1 -3.0807
1 -2.7431
1 -1.1352
1 -3.4426
1 -2.7431
1 -3.8121
1 -1.1352
1 -1.2641
1 -5.4105
1 -3.4815
1 -3.2019
1 -3.2404
1 -3.079
1 -5.1057
1 -1.1352
1 -2.7906
1 -1.8941
1 -2.2008
1 -8.1249
1 -2.1324
1 -4.5369
1 -2.5595
1 -3.4138
1 -5.3593
1 -1.823
1 -3.7491
1 -2.5761
1 -2.1714
1 -4.0302
1 -2.3866
1 -5.1984
1 -4.6428
1 -2.5522
1 -8.6116
1 -3.573
1 -4.5874
1 -3.2169
1 -2.7873
1 -3.1819
1 -5.1258
1 -5.1057
1 -4.4673
1 -2.5761
1 -1.1352
1 -3.0413
1 -3.1382
1 -3.1055
1 -2.2471
1 -3.4815
1 -1.2665
1 -2.5761
1 -6.782
1 -3.079
1 -2.736
1 -3.2091
1 -2.8973
